TypeName, MaxTakeoffMassKG, MaxLandingMassKG, WingSpanM, LandingSpeedKT, WingAreaM, WingAspectRatio, WingTaper, mx_wx, Jxx, VortexPointXOffsetM
A306,170654.000000,140127.000000,44.870000,67.000000,260.340000,7.730000,0.300000,-0.514800,5385280.000000,0.000000
A318,68061.000000,57551.000000,34.130000,58.000000,122.560000,9.500000,0.250000,-0.491900,1279901.000000,0.000000
A319,75567.000000,62556.000000,34.130000,58.000000,122.560000,9.500000,0.250000,-0.492000,1391206.000000,0.000000
A320,77082.000000,64569.000000,33.950000,68.000000,122.560000,9.400000,0.250000,-0.492000,1420616.000000,0.000000
A321,93569.000000,77869.000000,33.950000,69.000000,122.560000,9.400000,0.250000,-0.492000,1713224.000000,0.000000
A332,230246.000000,180193.000000,60.360000,67.000000,362.070000,10.060000,0.220000,-0.477400,12533989.000000,0.000000
A333,230246.000000,185198.000000,60.360000,69.000000,362.070000,9.990000,0.220000,-0.477500,12791185.000000,0.000000
A343,257275.000000,186199.000000,60.360000,69.000000,362.070000,10.060000,0.220000,-0.477400,17628824.000000,0.000000
A346,365391.000000,256274.000000,63.470000,75.000000,437.570000,9.210000,0.200000,-0.467700,26828902.000000,0.000000
A380,560508.000000,386345.000000,79.820000,70.000000,846.110000,7.530000,0.220000,-0.477100,63964204.000000,0.000000
AAI_RQ7,170.000000,170.000000,4.300000,20.000000,3.650000,5.060000,1.000000,-0.620000,35.310000,0.000000
AT43,16165.000000,16013.000000,24.640000,55.000000,54.570000,11.130000,0.550000,-0.651700,185672.000000,0.000000
AT45,18616.000000,18316.000000,24.640000,55.000000,54.570000,11.130000,0.550000,-0.651800,212383.000000,0.000000
AT72,22019.000000,21369.000000,27.110000,54.000000,61.080000,12.040000,0.620000,-0.659100,299948.000000,0.000000
Aerosond_UAV,13.500000,13.500000,2.895600,15.000000,0.550000,15.240000,1.000000,-0.505100,0.824400,0.000000
B190,7772.000000,7611.000000,17.660000,60.000000,28.840000,10.810000,0.360000,-0.631500,45319.000000,0.000000
B462,42222.000000,36774.000000,26.350000,62.000000,77.400000,8.970000,0.420000,-0.565500,663625.000000,0.000000
B463,43130.000000,37682.000000,26.350000,64.000000,77.400000,8.970000,0.420000,-0.565600,680011.000000,0.000000
B717,54934.000000,49940.000000,28.520000,68.000000,93.090000,8.740000,0.210000,-0.472900,775412.000000,0.000000
B722,83899.000000,70143.000000,32.940000,68.000000,158.140000,6.860000,0.320000,-0.523700,1453091.000000,0.000000
B733,61290.000000,51756.000000,28.910000,67.000000,105.580000,7.920000,0.260000,-0.496700,826110.000000,0.000000
B734,62879.000000,54934.000000,28.910000,68.000000,105.580000,7.920000,0.260000,-0.496700,876837.000000,0.000000
B735,56523.000000,49940.000000,28.910000,64.000000,105.580000,7.900000,0.260000,-0.496700,797151.000000,0.000000
B736,66057.000000,54707.000000,34.340000,64.000000,125.170000,9.420000,0.220000,-0.477700,1231914.000000,0.000000
B737,70143.000000,58657.000000,34.340000,66.000000,125.170000,9.420000,0.220000,-0.477700,1320857.000000,0.000000
B738,79087.000000,66420.000000,34.340000,73.000000,125.170000,9.420000,0.220000,-0.477700,1495676.000000,0.000000
B739,79087.000000,66874.000000,34.340000,73.000000,125.170000,9.420000,0.220000,-0.477800,1505900.000000,0.000000
B744,385900.000000,281480.000000,64.970000,73.000000,541.870000,7.790000,0.280000,-0.505600,30871738.000000,0.000000
B752,113500.000000,89892.000000,38.060000,70.000000,185.490000,7.810000,0.230000,-0.482500,2486629.000000,3.000000
B753,122580.000000,101696.000000,38.060000,74.000000,185.490000,7.810000,0.220000,-0.477700,2813155.000000,0.000000
B763,181600.000000,145280.000000,47.610000,74.000000,283.730000,7.990000,0.270000,-0.501200,6287418.000000,0.000000
B772,247430.000000,202030.000000,60.970000,70.000000,428.380000,8.680000,0.150000,-0.442400,14338450.000000,0.000000
B773,299640.000000,237896.000000,60.970000,72.000000,428.380000,8.680000,0.150000,-0.442500,16883928.000000,0.000000
C525,4812.000000,4449.200000,14.270000,51.000000,22.330000,9.120000,0.380000,-0.633700,12015.000000,0.000000
C650,10442.000000,9080.000000,16.320000,64.000000,29.020000,9.180000,0.260000,-0.496800,32068.000000,0.000000
CRJ1,24062.000000,21338.000000,21.200000,69.000000,54.610000,8.230000,0.250000,-0.492100,127123.000000,0.000000
CRJ2,24062.000000,21338.000000,21.200000,68.000000,54.610000,8.230000,0.250000,-0.492100,127123.000000,0.000000
CRJ7,34050.000000,30418.000000,23.270000,65.000000,70.700000,7.660000,0.300000,-0.515000,218413.000000,0.000000
CRJ9,38363.000000,34095.000000,24.860000,69.000000,70.700000,8.740000,0.230000,-0.482600,279324.000000,0.000000
DC93,49940.000000,44946.000000,28.460000,65.000000,93.090000,8.700000,0.230000,-0.482600,482561.000000,0.000000
DC95,55479.000000,49940.000000,28.460000,66.000000,93.090000,8.700000,0.250000,-0.492100,536179.000000,0.000000
DH8A,16480.000000,15391.000000,25.890000,48.000000,54.420000,12.320000,0.510000,-0.647400,197029.000000,0.000000
DH8B,16480.000000,15663.000000,25.890000,49.000000,54.420000,12.320000,0.510000,-0.647400,200517.000000,0.000000
DH8C,19522.000000,19068.000000,27.450000,48.000000,56.280000,13.390000,0.500000,-0.646400,274316.000000,0.000000
DH8D,29601.000000,28148.000000,28.430000,60.000000,63.160000,12.790000,0.400000,-0.635700,434251.000000,0.000000
E120,12001.000000,11710.000000,19.790000,51.000000,39.480000,9.920000,0.500000,-0.646600,87604.000000,0.000000
E135,19017.000000,18516.000000,20.070000,61.000000,51.250000,7.860000,0.250000,-0.492100,98879.000000,0.000000
E145,19217.000000,18717.000000,20.070000,65.000000,51.250000,7.860000,0.250000,-0.492100,99949.000000,0.000000
E170,36022.000000,32829.000000,26.050000,63.000000,59.310000,11.440000,0.290000,-0.510500,425243.000000,0.000000
E190,50345.000000,43038.000000,28.730000,65.000000,77.470000,10.660000,0.290000,-0.510400,678294.000000,0.000000
E45X,24121.000000,20018.000000,21.010000,69.000000,51.250000,8.620000,0.250000,-0.492100,117207.000000,0.000000
F100,44492.000000,39952.000000,28.090000,66.000000,93.620000,8.430000,0.240000,-0.487300,417981.000000,0.000000
F50,20839.000000,19749.000000,29.040000,51.000000,70.090000,12.030000,0.450000,-0.641100,317892.000000,0.000000
F70,36774.000000,34050.000000,28.090000,61.000000,93.620000,8.430000,0.260000,-0.496700,356234.000000,0.000000
GLF4,33868.000000,29964.000000,23.730000,74.000000,88.410000,6.370000,0.310000,-0.519400,223819.000000,0.000000
GLF5,41087.000000,34186.000000,28.520000,66.000000,105.770000,7.690000,0.330000,-0.528100,368615.000000,0.000000
GlobalHawk,12133.000000,12133.000000,35.420000,52.000000,50.100000,25.040000,0.330000,-0.720000,241660.000000,0.000000
H25B,11577.000000,9988.000000,14.340000,64.000000,32.840000,6.260000,0.310000,-0.519500,27213.000000,0.000000
MD11,286247.000000,223141.000000,51.700000,78.000000,339.360000,7.880000,0.250000,-0.491900,11386220.000000,0.000000
MD82,67873.000000,59020.000000,32.910000,68.000000,112.470000,9.630000,0.200000,-0.468000,847501.000000,0.000000
MD83,72640.000000,68100.000000,32.910000,69.000000,112.470000,9.630000,0.200000,-0.468000,977886.000000,0.000000
Predator,1020.000000,1020.000000,14.800000,45.000000,11.500000,19.050000,0.330000,-0.700000,3547.000000,0.000000
RJ100,44265.000000,40179.000000,26.380000,63.000000,77.400000,8.990000,0.400000,-0.557500,726750.000000,0.000000
RJ85,42222.000000,38590.000000,26.380000,62.000000,77.400000,8.990000,0.400000,-0.557500,698010.000000,0.000000
SB34,13166.000000,12939.000000,21.440000,59.000000,41.860000,10.980000,0.450000,-0.641200,113573.000000,0.000000
Osprey,29.480000,29.480000,3.350000,38.000000,1.870000,6.000000,1.000000,-0.750000,5.170000,0.000000
A388,560508.000000,386345.000000,79.820000,70.000000,846.110000,7.530000,0.220000,-0.477100,63964204.000000,5.000000
B712,54934.000000,49940.000000,28.520000,68.000000,93.090000,8.740000,0.210000,-0.472900,775412.000000,0.000000
B748,385900.000000,281480.000000,64.970000,73.000000,541.870000,7.790000,0.280000,-0.505600,30871738.000000,0.000000
C680,10442.000000,9080.000000,16.320000,64.000000,29.020000,9.180000,0.260000,-0.496800,32068.000000,0.000000
C750,10442.000000,9080.000000,16.320000,64.000000,29.020000,9.180000,0.260000,-0.496800,32068.000000,0.000000
DC10,286247.000000,223141.000000,51.700000,78.000000,339.360000,7.880000,0.250000,-0.491900,11386220.000000,0.000000
HELO,1020.000000,1020.000000,14.800000,45.000000,11.500000,19.050000,0.330000,-0.700000,3547.000000,0.000000
MD88,72640.000000,68100.000000,32.910000,69.000000,112.470000,9.630000,0.200000,-0.468000,977886.000000,0.000000
MD90,72640.000000,68100.000000,32.910000,69.000000,112.470000,9.630000,0.200000,-0.468000,977886.000000,0.000000
B764,181600.000000,145280.000000,47.610000,74.000000,283.730000,7.990000,0.270000,-0.501200,6287418.000000,0.000000
B77L,299640.000000,237896.000000,60.970000,72.000000,428.380000,8.680000,0.150000,-0.442500,16883928.000000,0.000000
Baron,2313,2114,11.53,81,18.5,7.18,0.4,-0.65,4962,0.000000
